Step V Dens T P KE PE U H
1200 192359.834653176 1.03606806307377 285.801884418642 1288.12643681206 6814.51711394283 8238.47185181328 15052.9889657561 18666.661359927
1250 192359.834653176 1.03606806307377 285.418357854457 -114.112723830354 6805.37249846695 8159.40512707956 14964.7776255465 14644.6491132011
1300 192359.834653176 1.03606806307377 277.756714916602 1013.34932981035 6622.69211821985 8301.30526266087 14923.9973808807 17766.8180808812
1350 192359.834653176 1.03606806307377 269.368033557201 -136.340115596859 6422.67659766676 8524.23810565742 14946.9147033242 14564.4301134032
1400 192359.834653176 1.03606806307377 264.657257033448 -452.783410830287 6310.35519955432 8726.67077791617 15037.0259774705 13766.8005822792
1450 192359.834653176 1.03606806307377 278.01750459232 597.269112163156 6628.91025674591 8543.75048089889 15172.6607376448 16848.2221117724
1500 192359.834653176 1.03606806307377 257.667567847627 227.513407893294 6143.69654831832 9177.36651365826 15321.0630619766 15959.3225510392
1550 192359.834653176 1.03606806307377 285.524902964309 -436.474614505622 6807.91290675002 8631.13596346221 15439.0488702122 14214.5756973
1600 192359.834653176 1.03606806307377 286.682791876913 482.245853565637 6835.52103056288 8652.08681115901 15487.6078417219 16840.4863157841
1650 192359.834653176 1.03606806307377 274.92469795657 336.819260360131 6555.16692299461 8905.47324308832 15460.6401660829 16405.5431105491
1700 192359.834653176 1.03606806307377 289.660093749716 538.76979301207 6906.51032654624 8477.9683287829 15384.4786553291 16895.927743075
1750 192359.834653176 1.03606806307377 269.964110757403 685.716124574503 6436.88916414534 8853.93639981196 15290.8255639573 17214.5136110292
1800 192359.834653176 1.03606806307377 278.773559413339 561.461129185971 6646.93724956085 8561.38821638743 15208.3254659483 16783.4321673997
1850 192359.834653176 1.03606806307377 276.150438747394 -81.4481322668273 6584.392873038 8558.53585372401 15142.928726762 14914.43650836
1900 192359.834653176 1.03606806307377 261.516397523688 -370.95591308754 6235.46611712127 8888.94488278036 15124.4109999016 14083.7420839709
1950 192359.834653176 1.03606806307377 281.826146479417 459.313189540101 6719.72160801917 8449.68674316102 15169.4083511802 16457.9521974096
2000 192359.834653176 1.03606806307377 266.360870036145 -426.275679367178 6350.97529548555 8910.42488133477 15261.4001768203 14065.5387995413
2050 192359.834653176 1.03606806307377 267.4098592828 -226.28307944598 6375.98687015802 9007.74474453184 15383.7316146899 14748.9236532248
2100 192359.834653176 1.03606806307377 289.901368337211 191.919945670081 6912.26315707424 8586.23037752243 15498.4935345967 16036.9001612592
2150 192359.834653176 1.03606806307377 276.177894416283 -103.747645957784 6585.04751226791 8988.63824061238 15573.6857528803 15282.6351281561
2200 192359.834653176 1.03606806307377 288.445816025609 513.685482817599 6877.5576961294 8717.86028197692 15595.4179781063 17036.4962725153
2250 192359.834653176 1.03606806307377 284.868887175081 776.581054300114 6792.27119454856 8769.98390352859 15562.2550980771 17740.8529729144
2300 192359.834653176 1.03606806307377 275.705837944377 593.704564948477 6573.79203397356 8894.96182205256 15468.7538560261 17134.3153532012
2350 192359.834653176 1.03606806307377 269.469619585437 138.029685964992 6425.09876408934 8933.28791398464 15358.386678074 15745.6111395036
2400 192359.834653176 1.03606806307377 265.690768985351 257.734526397242 6334.99774135572 8940.91395315529 15275.911694511 15998.9526293523
2450 192359.834653176 1.03606806307377 269.001296867701 429.06272256793 6413.93231156104 8829.72952662384 15243.6618381849 16447.3419052975
2500 192359.834653176 1.03606806307377 266.8056281121 -349.973156452988 6361.57988448722 8911.51386731512 15273.0937518023 14291.2892502932
2550 192359.834653176 1.03606806307377 272.135245867608 -169.650745849383 6488.65662325526 8873.21327940542 15361.8699026607 14885.9366406715
2600 192359.834653176 1.03606806307377 275.81407395704 -185.775214991313 6576.37275929712 8889.05651952964 15465.4292788268 14944.2609006692
2650 192359.834653176 1.03606806307377 274.914963769639 -340.187277467163 6554.9348259125 8997.88809792132 15552.8229238338 14598.4714422559
2700 192359.834653176 1.03606806307377 286.275935024582 342.203371129406 6825.82013937117 8783.33744727955 15609.1575866507 16569.1649586778
2750 192359.834653176 1.03606806307377 277.993041116691 441.143069605025 6628.32696187477 8989.07464803885 15617.4016099136 16854.9715308111
2800 192359.834653176 1.03606806307377 283.81183382022 185.856370292027 6767.06734331538 8812.94130492594 15580.0086482413 16101.4046971162
2850 192359.834653176 1.03606806307377 272.029576213701 368.699254790713 6486.13708890566 9034.65434001676 15520.7914289224 16555.1295813836
2900 192359.834653176 1.03606806307377 266.175723876063 312.576804741004 6346.56076309356 9114.0482994389 15460.6090625325 16337.5029279718
2950 192359.834653176 1.03606806307377 274.169737473731 271.6305983976 6537.16602303161 8884.27268708772 15421.4387101193 16183.4632806815
3000 192359.834653176 1.03606806307377 265.718622473924 188.314663627199 6335.66186599908 9074.29914746492 15409.961013464 15938.2534868732
3050 192359.834653176 1.03606806307377 276.884080701919 337.004028971307 6601.88546467988 8831.19153825511 15433.077002935 16378.4982918823
3100 192359.834653176 1.03606806307377 275.928999076995 -13.6139905010597 6579.11297634763 8905.38994325805 15484.5029196057 15446.3106271084
3150 192359.834653176 1.03606806307377 268.75305926606 -635.560776469699 6408.01345840812 9142.54306559836 15550.5565240065 13767.5728299287
3200 192359.834653176 1.03606806307377 283.623333292726 348.14447591602 6762.57283106536 8855.04436083391 15617.6171918993 16594.2915662832
3250 192359.834653176 1.03606806307377 269.860813410813 -86.9730431011401 6434.42619390429 9232.87696267935 15667.3031565836 15423.3115142186
3300 192359.834653176 1.03606806307377 279.371082438623 -227.916660905789 6661.18428956921 9028.33226034154 15689.5165499107 15050.12578659
3350 192359.834653176 1.03606806307377 280.168601726828 233.371586332073 6680.19994039049 8993.98153501498 15674.1814754055 16328.8753276636
3400 192359.834653176 1.03606806307377 267.802817759716 320.97380957092 6385.35637544124 9242.79839108126 15628.1547665225 16528.6053447816
3450 192359.834653176 1.03606806307377 278.670564465636 -11.4684017805978 6644.48148956753 8931.02698496381 15575.5084745313 15543.3353541485
3500 192359.834653176 1.03606806307377 267.478671870007 472.578371240153 6377.62760305288 9151.27315834774 15528.9007614006 16854.6583620747
3550 192359.834653176 1.03606806307377 269.751969560636 253.987242726541 6431.83097560724 9074.06207783879 15505.893053446 16218.4214678026
3600 192359.834653176 1.03606806307377 278.726565501324 -103.026812118505 6645.81675023899 8867.08315198404 15512.899902223 15223.8714837601
3650 192359.834653176 1.03606806307377 271.392869139519 -235.001681008489 6470.95576404349 9074.40498952003 15545.3607535635 14886.0938811703
3700 192359.834653176 1.03606806307377 280.508071072448 538.346507113277 6688.29407759357 8900.76181653537 15589.0558941289 17099.3175079409
3750 192359.834653176 1.03606806307377 274.294841324461 -348.20848413092 6540.14893664519 9090.14321101444 15630.2921476596 14653.4382064936
3800 192359.834653176 1.03606806307377 273.359124834704 221.6365683006 6517.83818090536 9144.65853927786 15662.4967201832 16284.2694945926
3850 192359.834653176 1.03606806307377 278.407757447542 205.17048035098 6638.21525053937 9043.4184971319 15681.6337476713 16257.2130384574
3900 192359.834653176 1.03606806307377 270.351030729009 -191.52532270818 6446.11469032968 9240.55232796562 15686.6670182953 15149.3674553983
3950 192359.834653176 1.03606806307377 273.972805116185 15.6733457243841 6532.47046644521 9143.74119895101 15676.2116653962 15720.1812130663
4000 192359.834653176 1.03606806307377 270.107940232847 648.951783790283 6440.31856218412 9210.75713431709 15651.0756965012 17471.6261325552
4050 192359.834653176 1.03606806307377 273.67921806531 -86.7283787542527 6525.47032371806 9095.62331953924 15621.0936432573 15377.7883751261
4100 192359.834653176 1.03606806307377 273.807569326701 121.18028984898 6528.5306669664 9064.77198389126 15593.3026508577 15933.2583070964
4150 192359.834653176 1.03606806307377 271.914078839721 -161.517068983118 6483.38322731651 9091.04766227279 15574.4308895893 15121.3156078191
4200 192359.834653176 1.03606806307377 276.098907684791 156.007434834918 6583.16419216795 8992.81345975255 15575.9776519205 16013.6363664979
