# Chunk-averaged data for fix tprof and group all
# Timestep Number-of-chunks Total-count
# Chunk Coord1 Ncount v_temp
1250 20 9999.999999999998
  1 0.025 251.3 281.216
  2 0.075 503.7 276.246
  3 0.125 510.7 270.996
  4 0.175 564.5 278.118
  5 0.225 574.5 266.139
  6 0.275 577.2 279.185
  7 0.325 567 279.628
  8 0.375 561 247.916
  9 0.425 520.7 269.625
  10 0.475 524.8 262.074
  11 0.525 481 283.251
  12 0.575 550 263.522
  13 0.625 535 280.151
  14 0.675 557.1 277.187
  15 0.725 586.7 286.052
  16 0.775 520.1 293.757
  17 0.825 538.9 273.284
  18 0.875 527.8 268.032
  19 0.925 363 294.593
  20 0.975 185 276.341
1300 20 9999.999999999998
  1 0.025 256 284.387
  2 0.075 497.9 264.341
  3 0.125 506.3 264.454
  4 0.175 573 271.636
  5 0.225 563.7 268.566
  6 0.275 582.4 269.221
  7 0.325 569.2 271.656
  8 0.375 562 248.174
  9 0.425 514.3 266.888
  10 0.475 527.6 258.109
  11 0.525 487.8 276.179
  12 0.575 540 261.947
  13 0.625 541.3 269.849
  14 0.675 557.4 270.159
  15 0.725 588.9 274.902
  16 0.775 514.5 285.555
  17 0.825 535.4 262.937
  18 0.875 527.9 261.034
  19 0.925 357.3 288.029
  20 0.975 197.1 275.511
1350 20 10000
  1 0.025 256.4 285.66
  2 0.075 493.8 264.31
  3 0.125 503.8 272.699
  4 0.175 573.4 270.35
  5 0.225 558.1 260.967
  6 0.275 593.3 264.827
  7 0.325 559 268.422
  8 0.375 568.7 249.546
  9 0.425 510.6 258.628
  10 0.475 529 255.298
  11 0.525 490.4 273.211
  12 0.575 534.9 261.727
  13 0.625 547.4 261.578
  14 0.675 563.5 281.193
  15 0.725 584.7 273.775
  16 0.775 508.4 283.008
  17 0.825 533.7 265.596
  18 0.875 528.4 256.969
  19 0.925 358.4 282.338
  20 0.975 204.1 282.504
1400 20 10000.000000000004
  1 0.025 258.9 289.893
  2 0.075 491.6 273.213
  3 0.125 504.3 271.319
  4 0.175 570.8 275.872
  5 0.225 549.8 262.841
  6 0.275 597.8 264.989
  7 0.325 552.3 275.19
  8 0.375 576.9 252.042
  9 0.425 512 260.597
  10 0.475 524.3 257.201
  11 0.525 498.9 271.878
  12 0.575 531.3 264.724
  13 0.625 553.3 265.655
  14 0.675 565.7 288.46
  15 0.725 580.6 272.01
  16 0.775 505.2 285.008
  17 0.825 538.2 268.658
  18 0.875 521.7 260.679
  19 0.925 361.7 285.74
  20 0.975 204.7 289.39
1450 20 10000
  1 0.025 267.9 293.265
  2 0.075 483.8 270.209
  3 0.125 508.5 275.238
  4 0.175 566.6 272.985
  5 0.225 542.9 261.454
  6 0.275 600 268.834
  7 0.325 547.6 273.731
  8 0.375 582.4 259.87
  9 0.425 506.3 256.202
  10 0.475 530.5 256.162
  11 0.525 497.9 278.085
  12 0.575 521.3 264.641
  13 0.625 569.7 269.49
  14 0.675 560.9 293.783
  15 0.725 584.5 278.753
  16 0.775 503.6 280.337
  17 0.825 540.2 269.69
  18 0.875 511.4 263.532
  19 0.925 363 287.762
  20 0.975 211 287.422
1500 20 9999.999999999998
  1 0.025 273.7 285.729
  2 0.075 478.4 271.696
  3 0.125 500 266.724
  4 0.175 581 273.326
  5 0.225 533.7 257.377
  6 0.275 597.2 275.722
  7 0.325 547 270.023
  8 0.375 588.1 253.302
  9 0.425 501.8 254.097
  10 0.475 532.6 258.393
  11 0.525 494.7 274.727
  12 0.575 521.7 255.128
  13 0.625 572.9 268.031
  14 0.675 557.8 289.66
  15 0.725 592.4 273.275
  16 0.775 498.5 270.673
  17 0.825 544.3 268.362
  18 0.875 499.4 265.449
  19 0.925 368.3 283.183
  20 0.975 216.5 288.791
1550 20 10000
  1 0.025 283.7 289.022
  2 0.075 468.1 271.57
  3 0.125 494.9 273.596
  4 0.175 586.8 280.122
  5 0.225 538.8 259.993
  6 0.275 582.9 292.686
  7 0.325 557.1 275.172
  8 0.375 594.6 256.435
  9 0.425 495 265.572
  10 0.475 534 256.883
  11 0.525 494.7 283.886
  12 0.575 515.5 261.675
  13 0.625 580.6 266.407
  14 0.675 551.5 299.648
  15 0.725 598 282.875
  16 0.775 497.9 279.188
  17 0.825 545 272.494
  18 0.875 498.4 269.712
  19 0.925 366.9 285.791
  20 0.975 215.6 289.795
1600 20 10000
  1 0.025 291.9 282.952
  2 0.075 461.9 271.851
  3 0.125 489.7 279.845
  4 0.175 594.3 281.373
  5 0.225 536.9 265.086
  6 0.275 576.8 293.806
  7 0.325 563.5 287.537
  8 0.375 593.8 261.915
  9 0.425 492.2 269.672
  10 0.475 535.3 262.279
  11 0.525 492.8 283.36
  12 0.575 518.6 268.424
  13 0.625 576 270.429
  14 0.675 563.5 301.538
  15 0.725 591.4 282.488
  16 0.775 498.9 283.952
  17 0.825 543.9 269.011
  18 0.875 498.8 279.036
  19 0.925 364.7 292.313
  20 0.975 215.1 295.318
1650 20 10000
  1 0.025 294 280.133
  2 0.075 455 263.655
  3 0.125 489 285.076
  4 0.175 600.8 277.016
  5 0.225 532.7 264.094
  6 0.275 571.8 282.982
  7 0.325 571.4 281.025
  8 0.375 593 259.732
  9 0.425 489 262.917
  10 0.475 534.4 266.338
  11 0.525 496.8 272.816
  12 0.575 523.9 261.573
  13 0.625 569.4 270.557
  14 0.675 562.5 299.845
  15 0.725 595 276.609
  16 0.775 499.3 281.552
  17 0.825 544 274.86
  18 0.875 490 277.072
  19 0.925 368 280.504
  20 0.975 220 303.808
1700 20 10000.000000000002
  1 0.025 294.2 277.498
  2 0.075 450.1 264.154
  3 0.125 491 280.68
  4 0.175 604.8 276.411
  5 0.225 534 264.802
  6 0.275 568.6 280.855
  7 0.325 571.5 278.679
  8 0.375 593.6 251.836
  9 0.425 489.1 256.858
  10 0.475 526.2 268.619
  11 0.525 500.3 270.819
  12 0.575 528.7 258.467
  13 0.625 560.8 265.179
  14 0.675 564.8 296.114
  15 0.725 600.7 275.713
  16 0.775 492.8 282.72
  17 0.825 548.8 272.985
  18 0.875 479.6 279.532
  19 0.925 375.7 280.443
  20 0.975 224.7 301.093
1750 20 9999.999999999998
  1 0.025 295.3 261.58
  2 0.075 453 272.687
  3 0.125 487.8 276.304
  4 0.175 597.3 276.047
  5 0.225 542.3 265.588
  6 0.275 563.2 280.041
  7 0.325 569.6 277.339
  8 0.375 588.8 255.428
  9 0.425 497.6 264.282
  10 0.475 524.8 266.961
  11 0.525 500.6 278.333
  12 0.575 525.2 266.202
  13 0.625 564.9 269.38
  14 0.675 560.2 292.116
  15 0.725 612.3 277.945
  16 0.775 489 287.503
  17 0.825 551 281.125
  18 0.875 469.8 283.306
  19 0.925 380.3 283.41
  20 0.975 227 305.666
1800 20 10000
  1 0.025 311.3 265.751
  2 0.075 453.5 272.566
  3 0.125 488.5 267.598
  4 0.175 577.6 266.02
  5 0.225 549.1 264.083
  6 0.275 562 277.625
  7 0.325 573 274.592
  8 0.375 584.5 254.472
  9 0.425 493.6 259.601
  10 0.475 534.7 270.437
  11 0.525 500.4 278.071
  12 0.575 530.9 270.335
  13 0.625 561.6 264.284
  14 0.675 559.2 282.874
  15 0.725 612.6 273.355
  16 0.775 492.2 286.597
  17 0.825 551.6 282.484
  18 0.875 464.4 282.038
  19 0.925 383.3 281.048
  20 0.975 216 293.276
1850 20 10000
  1 0.025 308 265.094
  2 0.075 458.2 275.092
  3 0.125 487.3 268.721
  4 0.175 560.2 258.804
  5 0.225 560.3 261.369
  6 0.275 563.9 276.439
  7 0.325 576.3 269.405
  8 0.375 580.3 252.677
  9 0.425 492.5 253.991
  10 0.475 537 264.471
  11 0.525 498.8 274.896
  12 0.575 534.4 262.369
  13 0.625 560.4 268.402
  14 0.675 555.7 284.515
  15 0.725 613.4 271.868
  16 0.775 493.7 279.767
  17 0.825 551 279.915
  18 0.875 459.8 278.753
  19 0.925 389.7 283.082
  20 0.975 219.1 296.173
1900 20 10000
  1 0.025 307.4 277.251
  2 0.075 456.2 275.301
  3 0.125 489.8 267.623
  4 0.175 565.4 265.329
  5 0.225 547.8 269.418
  6 0.275 565.6 282.09
  7 0.325 575.9 276.532
  8 0.375 580.1 255.436
  9 0.425 498.9 253.944
  10 0.475 535.8 266.369
  11 0.525 495.4 278.667
  12 0.575 542.7 264.248
  13 0.625 554.4 273.837
  14 0.675 557.5 285.813
  15 0.725 608.5 275.01
  16 0.775 495.6 276.277
  17 0.825 553 282.347
  18 0.875 453.7 264.941
  19 0.925 394.7 284.34
  20 0.975 221.6 295.739
1950 20 10000.000000000002
  1 0.025 312.1 275.253
  2 0.075 451.2 273.48
  3 0.125 501.2 267.479
  4 0.175 561.8 269.626
  5 0.225 548 272.125
  6 0.275 558.9 277.926
  7 0.325 582.5 282.791
  8 0.375 574.1 259.352
  9 0.425 496.2 259.047
  10 0.475 538.1 269.892
  11 0.525 502.8 285.686
  12 0.575 538.8 261.554
  13 0.625 551.6 277.898
  14 0.675 562.8 290.436
  15 0.725 599.1 274.118
  16 0.775 497.3 278.454
  17 0.825 561.1 280.127
  18 0.875 443.8 266.143
  19 0.925 397.5 279.292
  20 0.975 221.1 301.596
2000 20 10000
  1 0.025 316 275.421
  2 0.075 445.8 277.541
  3 0.125 508.6 266.725
  4 0.175 558.9 258.759
  5 0.225 547.2 269.07
  6 0.275 562 268.381
  7 0.325 581.4 279.764
  8 0.375 571.5 256.217
  9 0.425 501.1 252.971
  10 0.475 537.7 269.864
  11 0.525 508.5 279.558
  12 0.575 533.3 257.288
  13 0.625 554.3 272.752
  14 0.675 560.4 286.858
  15 0.725 590.6 266.726
  16 0.775 502.6 278.804
  17 0.825 560.2 273.991
  18 0.875 442.7 270.583
  19 0.925 401.8 273.546
  20 0.975 215.4 293.608
2050 20 10000
  1 0.025 322.8 276.642
  2 0.075 430.9 263.021
  3 0.125 508.4 276.215
  4 0.175 559.7 264.468
  5 0.225 556.6 268.037
  6 0.275 558.7 276.138
  7 0.325 583.9 273.845
  8 0.375 564.2 253.979
  9 0.425 504.2 254.778
  10 0.475 544.2 275.824
  11 0.525 511.3 274.443
  12 0.575 524.8 259.863
  13 0.625 558.7 277.59
  14 0.675 549.9 281.602
  15 0.725 594.3 275.328
  16 0.775 513.9 278.129
  17 0.825 559.7 271.377
  18 0.875 437.1 275.225
  19 0.925 396.3 275.325
  20 0.975 220.4 303.752
2100 20 10000.000000000002
  1 0.025 321.8 277.736
  2 0.075 433.2 266.749
  3 0.125 500.7 278.596
  4 0.175 566.9 277.517
  5 0.225 551.5 263.166
  6 0.275 564 281.299
  7 0.325 581 277.517
  8 0.375 561.2 261.312
  9 0.425 508.8 255.677
  10 0.475 542.6 281.881
  11 0.525 519.4 273.801
  12 0.575 516.6 259.324
  13 0.625 566.8 280.798
  14 0.675 542.6 282.791
  15 0.725 595.4 284.424
  16 0.775 521.4 280.989
  17 0.825 554.2 270.028
  18 0.875 430.9 279.817
  19 0.925 395.9 278.755
  20 0.975 225.1 304.512
2150 20 10000
  1 0.025 328.5 273.553
  2 0.075 432.9 256.287
  3 0.125 496.7 277.76
  4 0.175 568.6 275.301
  5 0.225 538 264.046
  6 0.275 573.3 276.821
  7 0.325 584.4 281.655
  8 0.375 551 255.939
  9 0.425 518 256.628
  10 0.475 537.7 276.78
  11 0.525 522.2 273.021
  12 0.575 518.1 268.37
  13 0.625 568.7 273.753
  14 0.675 546.5 282.253
  15 0.725 582.5 283.397
  16 0.775 532.8 282.536
  17 0.825 545.6 271.791
  18 0.875 432.6 272.388
  19 0.925 395.4 275.332
  20 0.975 226.5 309.926
2200 20 10000
  1 0.025 341.2 276.929
  2 0.075 430.2 261.841
  3 0.125 492 271.137
  4 0.175 560.5 272.108
  5 0.225 543.8 258.124
  6 0.275 575 274.855
  7 0.325 582.8 278.21
  8 0.375 543.8 252.24
  9 0.425 529.4 250.164
  10 0.475 533.1 272.975
  11 0.525 512.2 271.177
  12 0.575 531.9 270.733
  13 0.625 564.6 272.691
  14 0.675 547.9 283.315
  15 0.725 584.6 281.712
  16 0.775 532.2 290.498
  17 0.825 538.5 271.082
  18 0.875 439.2 267.717
  19 0.925 388.3 272.417
  20 0.975 228.8 307.222
2250 20 10000
  1 0.025 348.3 282.773
  2 0.075 426 268.799
  3 0.125 491.1 275.299
  4 0.175 559.8 273.225
  5 0.225 545.1 261.442
  6 0.275 568.9 270.479
  7 0.325 584.8 279.149
  8 0.375 541.4 250.23
  9 0.425 528.3 257.403
  10 0.475 538 272.732
  11 0.525 505.7 274.121
  12 0.575 543.4 277
  13 0.625 556.4 272.333
  14 0.675 548.6 281.718
  15 0.725 584.7 281.604
  16 0.775 539.6 298.477
  17 0.825 530.7 271.97
  18 0.875 444 278.069
  19 0.925 383.5 266.802
  20 0.975 231.7 316.441
2300 20 10000.000000000002
  1 0.025 352 277.054
  2 0.075 424 271.446
  3 0.125 485.7 270.694
  4 0.175 560 276.093
  5 0.225 546.7 263.487
  6 0.275 562.4 263.359
  7 0.325 587.9 282.844
  8 0.375 540.7 248.333
  9 0.425 529.4 262.401
  10 0.475 539.8 270.345
  11 0.525 501.2 282.233
  12 0.575 545.3 279.113
  13 0.625 559.5 270.627
  14 0.675 547.9 281.341
  15 0.725 578.5 275.891
  16 0.775 544.2 292.18
  17 0.825 532.7 273.239
  18 0.875 450.7 278.715
  19 0.925 376.1 271.622
  20 0.975 235.3 319.96
2350 20 10000
  1 0.025 350.7 275.495
  2 0.075 426.5 270.204
  3 0.125 482.4 265.796
  4 0.175 564.5 267.145
  5 0.225 539.7 257.111
  6 0.275 570 265.668
  7 0.325 576.9 279.848
  8 0.375 552.8 246.58
  9 0.425 520.7 263.627
  10 0.475 541 262.036
  11 0.525 505.6 285.505
  12 0.575 545.8 269.589
  13 0.625 551.3 272.534
  14 0.675 557.6 277.339
  15 0.725 570.3 277.816
  16 0.775 548.8 278.09
  17 0.825 530.8 271.742
  18 0.875 456.9 274.1
  19 0.925 369.1 270.372
  20 0.975 238.6 320.304
2400 20 9999.999999999998
  1 0.025 348.1 274.435
  2 0.075 426.2 275.227
  3 0.125 484.3 271.13
  4 0.175 562.1 269.418
  5 0.225 538.5 260.932
  6 0.275 570.3 275.454
  7 0.325 573.5 272.653
  8 0.375 554.3 244.614
  9 0.425 526.5 258.935
  10 0.475 546.9 262.827
  11 0.525 499.2 288.118
  12 0.575 549.1 269.096
  13 0.625 548.4 270.086
  14 0.675 555 284.595
  15 0.725 571.6 285.954
  16 0.775 553.2 281.172
  17 0.825 522.4 263.28
  18 0.875 462.3 270.71
  19 0.925 366.3 268.385
  20 0.975 241.8 315.095
2450 20 10000
  1 0.025 345.8 281.791
  2 0.075 421.7 283.158
  3 0.125 489.6 276.465
  4 0.175 558.5 272.244
  5 0.225 548.1 272.389
  6 0.275 557.8 274.234
  7 0.325 576.7 273.127
  8 0.375 550.9 251.247
  9 0.425 535.9 259.534
  10 0.475 544 263.232
  11 0.525 495.5 287.858
  12 0.575 552.8 274.752
  13 0.625 550.4 271.541
  14 0.675 558 288.953
  15 0.725 569.6 288.775
  16 0.775 549.7 285.212
  17 0.825 522.8 255.046
  18 0.875 460.2 269.834
  19 0.925 368.4 279.48
  20 0.975 243.6 306.657
2500 20 10000
  1 0.025 341.9 278.409
  2 0.075 419.8 284.531
  3 0.125 493.1 272.232
  4 0.175 554.2 270.369
  5 0.225 549.2 270.088
  6 0.275 566.9 267.237
  7 0.325 570.4 277.433
  8 0.375 557.5 248.449
  9 0.425 529.9 266.014
  10 0.475 542.8 262.658
  11 0.525 502.4 284.75
  12 0.575 541.2 274.847
  13 0.625 562.3 275.936
  14 0.675 554.4 285.975
  15 0.725 565.6 284.997
  16 0.775 552.4 285.322
  17 0.825 521.8 251.37
  18 0.875 464.7 271.781
  19 0.925 365.2 277.578
  20 0.975 244.3 308.165
2550 20 10000
  1 0.025 335.6 267.936
  2 0.075 420.5 284.145
  3 0.125 490.5 265.966
  4 0.175 556.4 267.958
  5 0.225 547.3 266.798
  6 0.275 567.7 267.52
  7 0.325 565.8 274.547
  8 0.375 566.7 245.933
  9 0.425 524.5 273.943
  10 0.475 548.8 263.851
  11 0.525 500.6 275.924
  12 0.575 543 272.064
  13 0.625 560.8 268.912
  14 0.675 553.7 293.573
  15 0.725 565.5 283.83
  16 0.775 547.3 285.233
  17 0.825 531.3 257.983
  18 0.875 459.6 273.321
  19 0.925 360.5 274.01
  20 0.975 253.9 301.146
2600 20 10000
  1 0.025 337 266.345
  2 0.075 418.3 292.891
  3 0.125 496.7 271.513
  4 0.175 544.2 271.493
  5 0.225 553.4 265.619
  6 0.275 568.6 266.336
  7 0.325 563.2 273.697
  8 0.375 574.4 255.678
  9 0.425 518.7 267.23
  10 0.475 550.8 262.191
  11 0.525 496.4 272.566
  12 0.575 550.6 280.825
  13 0.625 555 265.053
  14 0.675 558.9 295.518
  15 0.725 562.8 280.747
  16 0.775 540.8 283.285
  17 0.825 534.7 255.985
  18 0.875 460.3 274.958
  19 0.925 355.5 273.883
  20 0.975 259.7 302.765
2650 20 9999.999999999998
  1 0.025 341.5 267.795
  2 0.075 418 287.927
  3 0.125 499.2 272.611
  4 0.175 531.5 267.359
  5 0.225 560.8 265.954
  6 0.275 560.8 264.522
  7 0.325 570.4 274.746
  8 0.375 572.2 254.47
  9 0.425 519.5 265.221
  10 0.475 554.7 261.301
  11 0.525 493.8 276.311
  12 0.575 555.2 281.108
  13 0.625 550.6 267.652
  14 0.675 566.2 288.997
  15 0.725 554.9 273.614
  16 0.775 539 281.35
  17 0.825 532.3 251.517
  18 0.875 461.8 274.263
  19 0.925 353.1 275.767
  20 0.975 264.5 312.224
2700 20 10000
  1 0.025 338.2 262.055
  2 0.075 422.8 282.198
  3 0.125 499.8 267.051
  4 0.175 528.1 259.531
  5 0.225 567.1 266.44
  6 0.275 551.3 266.744
  7 0.325 563.7 265.784
  8 0.375 582.9 253.393
  9 0.425 518.2 268.603
  10 0.475 557.1 262.899
  11 0.525 495.1 269.711
  12 0.575 548.3 277.573
  13 0.625 556.7 266.466
  14 0.675 568.4 285.472
  15 0.725 544.3 281.564
  16 0.775 545.1 274.748
  17 0.825 527 250.965
  18 0.875 460.8 282.779
  19 0.925 349.2 276.709
  20 0.975 275.9 310.056
2750 20 10000
  1 0.025 338.6 258.903
  2 0.075 426.5 287.894
  3 0.125 500 265.599
  4 0.175 526.4 263.281
  5 0.225 561.5 269.996
  6 0.275 546.1 267.91
  7 0.325 572.1 257.525
  8 0.375 585 264.558
  9 0.425 517.4 268.894
  10 0.475 556.2 261.319
  11 0.525 497.4 272.78
  12 0.575 546.2 269.721
  13 0.625 563.3 275.926
  14 0.675 564.1 284.515
  15 0.725 539.4 281.118
  16 0.775 543.9 282.136
  17 0.825 529.4 254.771
  18 0.875 454.6 287.297
  19 0.925 343.2 284.58
  20 0.975 288.7 303.93
2800 20 9999.999999999998
  1 0.025 333.1 267.414
  2 0.075 426 293.573
  3 0.125 501.2 266.782
  4 0.175 530.6 267.584
  5 0.225 552.4 268.828
  6 0.275 548.3 269.926
  7 0.325 567.4 262.914
  8 0.375 591.2 270.172
  9 0.425 518.6 267.969
  10 0.475 557.3 257.023
  11 0.525 497.8 275.375
  12 0.575 548.4 271.881
  13 0.625 563.5 282.524
  14 0.675 558.3 287.726
  15 0.725 537.9 277.335
  16 0.775 545.5 281.117
  17 0.825 533.8 261.481
  18 0.875 450.3 288.698
  19 0.925 340.4 290.789
  20 0.975 298 306.234
2850 20 10000
  1 0.025 331.8 263.506
  2 0.075 424.1 299.759
  3 0.125 502.1 266.525
  4 0.175 526.9 264.386
  5 0.225 559.6 265.266
  6 0.275 545.3 269.648
  7 0.325 565.6 267.681
  8 0.375 597.5 266.222
  9 0.425 511.3 264.189
  10 0.475 556.9 254.995
  11 0.525 501.8 274.201
  12 0.575 544.7 273.475
  13 0.625 571.6 276.162
  14 0.675 549.5 290.308
  15 0.725 543.3 277.509
  16 0.775 548.3 277.636
  17 0.825 535.9 262.95
  18 0.875 434.9 281.061
  19 0.925 349.7 298.206
  20 0.975 299.2 300.781
2900 20 9999.999999999998
  1 0.025 329.8 256.317
  2 0.075 424.1 303.71
  3 0.125 502.5 274.422
  4 0.175 527.1 266.047
  5 0.225 561.2 263.427
  6 0.275 549.8 273.503
  7 0.325 558.7 262.207
  8 0.375 604.6 267.096
  9 0.425 509.9 264.085
  10 0.475 562 259.704
  11 0.525 492.5 271.038
  12 0.575 543 269.87
  13 0.625 576.4 271.874
  14 0.675 549.7 296.873
  15 0.725 545.3 279.632
  16 0.775 547.9 281.708
  17 0.825 531.1 264.846
  18 0.875 433.3 279.046
  19 0.925 348.3 293.243
  20 0.975 302.8 304.144
2950 20 9999.999999999998
  1 0.025 331.5 259.717
  2 0.075 418.5 295.489
  3 0.125 510.8 285.942
  4 0.175 525.1 263.96
  5 0.225 560.6 267.871
  6 0.275 539.7 273.91
  7 0.325 557.4 261.706
  8 0.375 607.7 271.142
  9 0.425 511.2 265.133
  10 0.475 569 267.157
  11 0.525 482.7 272.647
  12 0.575 552.2 271.442
  13 0.625 575.9 275.019
  14 0.675 550.3 301.679
  15 0.725 535.7 280.772
  16 0.775 555.4 280.601
  17 0.825 523.7 270.664
  18 0.875 438.9 282.912
  19 0.925 345.9 297.688
  20 0.975 307.8 303.349
3000 20 10000
  1 0.025 336 255.052
  2 0.075 419.1 291.743
  3 0.125 506.4 288.761
  4 0.175 529.2 256.615
  5 0.225 555.3 270.606
  6 0.275 533.3 275.948
  7 0.325 559.8 258.418
  8 0.375 614.8 275.87
  9 0.425 512.5 264.251
  10 0.475 566.4 278.118
  11 0.525 484.3 273.707
  12 0.575 554.8 269.426
  13 0.625 568.5 271.36
  14 0.675 557 288.219
  15 0.725 537 288.376
  16 0.775 548.1 270.376
  17 0.825 527.2 267.208
  18 0.875 432 278.649
  19 0.925 354.8 303.832
  20 0.975 303.5 299.025
3050 20 9999.999999999998
  1 0.025 328.6 250.78
  2 0.075 429.6 283.836
  3 0.125 500.1 276.688
  4 0.175 529.1 260.074
  5 0.225 553.2 266.976
  6 0.275 533.2 267.559
  7 0.325 562.2 257.19
  8 0.375 618.3 279.598
  9 0.425 518.5 255.915
  10 0.475 554.8 268.534
  11 0.525 487.2 270.376
  12 0.575 564.5 266.905
  13 0.625 562.9 269.981
  14 0.675 552.9 283.223
  15 0.725 544.2 281.641
  16 0.775 543.4 268.998
  17 0.825 522 253.45
  18 0.875 428.9 276.307
  19 0.925 358.3 309.184
  20 0.975 308.1 294.503
3100 20 10000
  1 0.025 326.1 247.657
  2 0.075 434.4 283.337
  3 0.125 489.2 272.762
  4 0.175 534.9 258.029
  5 0.225 554 272.35
  6 0.275 523.5 262.383
  7 0.325 582.3 254.848
  8 0.375 607 281.047
  9 0.425 526.7 256.872
  10 0.475 543.2 260.085
  11 0.525 493.3 264.768
  12 0.575 564.5 267.944
  13 0.625 566.7 272.597
  14 0.675 553.8 287.733
  15 0.725 541.5 285.621
  16 0.775 541.2 269.268
  17 0.825 520 255.576
  18 0.875 425.1 283.556
  19 0.925 359.1 309.613
  20 0.975 313.5 295.375
3150 20 10000
  1 0.025 325 247.887
  2 0.075 436.4 278.484
  3 0.125 474.9 278.584
  4 0.175 540.5 257.352
  5 0.225 551.7 277.817
  6 0.275 522.8 265.258
  7 0.325 591.5 260.918
  8 0.375 597.6 278.659
  9 0.425 531.4 257.38
  10 0.475 545.4 262.494
  11 0.525 487.5 268.767
  12 0.575 569.5 273.81
  13 0.625 568.8 267.017
  14 0.675 556.5 290.9
  15 0.725 536.7 276.655
  16 0.775 535 269.004
  17 0.825 530.8 265.426
  18 0.875 413.7 278.7
  19 0.925 360.5 309.942
  20 0.975 323.8 294.408
3200 20 10000
  1 0.025 327.5 247.775
  2 0.075 426.5 272.988
  3 0.125 475.3 269.975
  4 0.175 542.8 260.854
  5 0.225 553.8 278.982
  6 0.275 519.8 261.613
  7 0.325 590.9 257.151
  8 0.375 593.1 278.396
  9 0.425 534.2 257.855
  10 0.475 551.1 263.631
  11 0.525 488.2 265.491
  12 0.575 567.5 275.9
  13 0.625 570.3 267.943
  14 0.675 550.7 285.723
  15 0.725 543.2 275.27
  16 0.775 536.5 267.829
  17 0.825 521.9 261.891
  18 0.875 415.7 273.908
  19 0.925 361.1 311.339
  20 0.975 329.9 291.445
3250 20 10000
  1 0.025 333.5 254.317
  2 0.075 420.4 273.502
  3 0.125 479.4 268.332
  4 0.175 538.9 262.188
  5 0.225 556.1 280.211
  6 0.275 518 259.996
  7 0.325 595.7 261.207
  8 0.375 589.4 273.4
  9 0.425 535.7 264.329
  10 0.475 555.4 265.98
  11 0.525 489.7 265.711
  12 0.575 561.5 275.039
  13 0.625 573.7 265.633
  14 0.675 543.2 292.238
  15 0.725 546.2 285.805
  16 0.775 538.6 266.839
  17 0.825 517.7 260.998
  18 0.875 421.5 271.012
  19 0.925 355.9 302.787
  20 0.975 329.5 294.045
3300 20 9999.999999999998
  1 0.025 343 263.82
  2 0.075 421.5 281.189
  3 0.125 485 275.002
  4 0.175 537 265.164
  5 0.225 551.5 285.588
  6 0.275 518.3 254.903
  7 0.325 598.1 267.175
  8 0.375 587 277.016
  9 0.425 535 264.569
  10 0.475 563.1 263.797
  11 0.525 492.1 273.183
  12 0.575 558.4 271.414
  13 0.625 577.5 271.079
  14 0.675 534.9 292.161
  15 0.725 542.2 290.935
  16 0.775 542.9 269.066
  17 0.825 516.8 259.361
  18 0.875 424.9 277.9
  19 0.925 348.4 303.122
  20 0.975 322.4 297.635
3350 20 9999.999999999998
  1 0.025 345.9 269.634
  2 0.075 419.5 278.929
  3 0.125 489.1 276.701
  4 0.175 533.8 264.534
  5 0.225 551.5 282.448
  6 0.275 518.2 254.683
  7 0.325 604.2 270.021
  8 0.375 585.5 279.809
  9 0.425 531.4 267.662
  10 0.475 567.9 262.654
  11 0.525 493.4 274.26
  12 0.575 558.7 266.54
  13 0.625 573.5 271.062
  14 0.675 529.2 291.319
  15 0.725 549.7 288.407
  16 0.775 541.8 266.179
  17 0.825 517 259.59
  18 0.875 419.7 280.565
  19 0.925 350.8 286.051
  20 0.975 319.2 294.111
3400 20 10000.000000000002
  1 0.025 351.1 273.502
  2 0.075 418.1 270.973
  3 0.125 489.3 271.22
  4 0.175 532.4 263.23
  5 0.225 550.1 272.187
  6 0.275 519.5 256.644
  7 0.325 609.1 264.467
  8 0.375 587.1 273.487
  9 0.425 520.8 273.097
  10 0.475 574.6 264.189
  11 0.525 485.1 270.593
  12 0.575 565.2 266.268
  13 0.625 571.8 264.673
  14 0.675 527.7 296.723
  15 0.725 556.2 288.643
  16 0.775 532.6 262.582
  17 0.825 524.2 264.769
  18 0.875 417.4 283.835
  19 0.925 361.1 280.853
  20 0.975 306.6 283.604
3450 20 9999.999999999998
  1 0.025 355.5 264.051
  2 0.075 417.1 271.752
  3 0.125 486.6 274.559
  4 0.175 530.9 265.798
  5 0.225 546.1 272.068
  6 0.275 527.7 257.787
  7 0.325 608.7 264.278
  8 0.375 588.1 279.809
  9 0.425 513.5 269.541
  10 0.475 581.1 272.909
  11 0.525 482.3 265.02
  12 0.575 570 270.423
  13 0.625 567.9 266.371
  14 0.675 530.2 296.012
  15 0.725 559.7 295.342
  16 0.775 518.5 264.426
  17 0.825 532.7 268.182
  18 0.875 416.3 285.943
  19 0.925 363.6 296.166
  20 0.975 303.5 291.049
3500 20 10000
  1 0.025 360.8 272.33
  2 0.075 413.5 268.308
  3 0.125 484.3 279.028
  4 0.175 539.6 264.799
  5 0.225 532.5 274.431
  6 0.275 535.9 262.218
  7 0.325 607.1 264.242
  8 0.375 589 278.483
  9 0.425 505.3 265.884
  10 0.475 590.1 274.014
  11 0.525 484.7 270.593
  12 0.575 570.2 272.561
  13 0.625 565.7 271.06
  14 0.675 530.7 290.435
  15 0.725 558.3 294.041
  16 0.775 510.2 265.846
  17 0.825 538.1 263.169
  18 0.875 420.3 283.805
  19 0.925 365.6 302.366
  20 0.975 298.1 293.977
3550 20 9999.999999999998
  1 0.025 357.8 270.638
  2 0.075 419.3 269.243
  3 0.125 485.6 276.566
  4 0.175 534.9 264.061
  5 0.225 533.5 268.441
  6 0.275 534.9 266.509
  7 0.325 610.6 260.44
  8 0.375 585.2 280.489
  9 0.425 498.4 263.821
  10 0.475 592.8 266.398
  11 0.525 489.9 264.665
  12 0.575 567 274.221
  13 0.625 565.1 270.332
  14 0.675 533 279.589
  15 0.725 553.4 289.48
  16 0.775 516.5 262.456
  17 0.825 542 262.452
  18 0.875 415.4 286.655
  19 0.925 360.4 289.858
  20 0.975 304.3 287.826
3600 20 10000
  1 0.025 358.3 269.918
  2 0.075 416.9 257.923
  3 0.125 486.6 278.981
  4 0.175 534.7 270.384
  5 0.225 537.4 267.891
  6 0.275 528.7 266.004
  7 0.325 609.9 260.678
  8 0.375 585.7 278.574
  9 0.425 497.9 266.378
  10 0.475 591.2 266.792
  11 0.525 496.8 265.113
  12 0.575 564.1 270.121
  13 0.625 565.5 269.327
  14 0.675 535.9 282.319
  15 0.725 548.6 281.995
  16 0.775 522.5 266.597
  17 0.825 544.2 264.596
  18 0.875 412.4 287.721
  19 0.925 355.4 283.936
  20 0.975 307.3 291.685
3650 20 9999.999999999998
  1 0.025 361 278.374
  2 0.075 419.2 268.085
  3 0.125 490.5 277.3
  4 0.175 526.2 274.669
  5 0.225 541.9 261.774
  6 0.275 525 269.362
  7 0.325 619.3 265.42
  8 0.375 573 272.517
  9 0.425 506.2 271.587
  10 0.475 591.1 269.865
  11 0.525 501.3 272.075
  12 0.575 561 265.283
  13 0.625 557.4 272.133
  14 0.675 537.2 286.702
  15 0.725 549.6 286.463
  16 0.775 524.6 260.953
  17 0.825 545.4 265.266
  18 0.875 410.9 290.258
  19 0.925 352.8 284.502
  20 0.975 306.4 289.85
3700 20 10000
  1 0.025 364.8 277.409
  2 0.075 414.1 267.586
  3 0.125 496.3 273.303
  4 0.175 518.1 277.176
  5 0.225 544.5 260.226
  6 0.275 527.9 272.995
  7 0.325 624.2 272.54
  8 0.375 561.1 271.852
  9 0.425 512.9 272.822
  10 0.475 591.2 268.808
  11 0.525 502.8 278.131
  12 0.575 562.1 264.106
  13 0.625 558.5 269.869
  14 0.675 532.7 293.977
  15 0.725 554.8 290.473
  16 0.775 513.8 254.512
  17 0.825 546.5 270.831
  18 0.875 413.3 288.296
  19 0.925 353.3 292.427
  20 0.975 307.1 284.543
3750 20 9999.999999999998
  1 0.025 367.1 270.594
  2 0.075 406.5 265.539
  3 0.125 501.4 268.589
  4 0.175 520.1 275.737
  5 0.225 540.4 256.063
  6 0.275 535 271.75
  7 0.325 621.3 268.834
  8 0.375 564 270.373
  9 0.425 510.9 271.142
  10 0.475 590.4 264.277
  11 0.525 497.4 278.527
  12 0.575 570.6 264.912
  13 0.625 551.5 266.755
  14 0.675 536.4 291.467
  15 0.725 556.9 287.593
  16 0.775 500.8 254.192
  17 0.825 565.4 272.28
  18 0.875 405.3 279.775
  19 0.925 355 284.185
  20 0.975 303.6 288.797
3800 20 10000.000000000002
  1 0.025 365.2 271.86
  2 0.075 408.5 264.018
  3 0.125 499.5 270.554
  4 0.175 525.5 270.088
  5 0.225 530.8 263.443
  6 0.275 539.9 270.937
  7 0.325 615 267.215
  8 0.375 572.7 267.637
  9 0.425 507.3 271.371
  10 0.475 586.1 265.086
  11 0.525 503.7 280.36
  12 0.575 576.6 275.992
  13 0.625 535.3 263.607
  14 0.675 544 286.094
  15 0.725 562.7 281.571
  16 0.775 493.1 253.67
  17 0.825 570.4 274.169
  18 0.875 405.7 278.66
  19 0.925 352.1 290.327
  20 0.975 305.9 278.573
3850 20 10000.000000000002
  1 0.025 366.6 275.566
  2 0.075 408 270.909
  3 0.125 491.3 267.108
  4 0.175 530.7 273.383
  5 0.225 528.9 265.302
  6 0.275 543.2 279.347
  7 0.325 616.7 266.959
  8 0.375 569.5 271.587
  9 0.425 512.4 265.258
  10 0.475 569.6 267.702
  11 0.525 520.5 277.324
  12 0.575 571.1 283.175
  13 0.625 530.9 264.511
  14 0.675 559.8 288.817
  15 0.725 553.1 289.369
  16 0.775 488.8 244.939
  17 0.825 569.1 277.046
  18 0.875 410.1 277.583
  19 0.925 355.2 302.037
  20 0.975 304.5 274.27
3900 20 10000.000000000002
  1 0.025 366.9 274.781
  2 0.075 413.3 269.928
  3 0.125 487.5 270.356
  4 0.175 531.5 274.989
  5 0.225 529.1 267.205
  6 0.275 547.1 282.115
  7 0.325 615 262.395
  8 0.375 562.8 272.227
  9 0.425 519.5 264.134
  10 0.475 563.6 269.677
  11 0.525 527.9 275.394
  12 0.575 575.5 274.845
  13 0.625 527 258.971
  14 0.675 557.5 289.783
  15 0.725 540.4 296.284
  16 0.775 503.9 245.673
  17 0.825 554.6 273.505
  18 0.875 419.2 286.018
  19 0.925 353.1 298.57
  20 0.975 304.6 273.244
3950 20 10000
  1 0.025 371.1 280.417
  2 0.075 411.9 262.093
  3 0.125 483.4 272.474
  4 0.175 530.4 281.209
  5 0.225 536 261.68
  6 0.275 547 278.627
  7 0.325 617.1 264.927
  8 0.375 553.8 269.576
  9 0.425 531.6 271.831
  10 0.475 558.4 271.045
  11 0.525 531.6 277.022
  12 0.575 573.7 277.964
  13 0.625 534 256.979
  14 0.675 543.2 287.184
  15 0.725 533.5 296.702
  16 0.775 520.6 253.201
  17 0.825 540.9 270.883
  18 0.875 424.2 287.274
  19 0.925 358.5 295.91
  20 0.975 299.1 278.684
4000 20 9999.999999999998
  1 0.025 372.3 287.361
  2 0.075 414.8 262.652
  3 0.125 475.5 270.355
  4 0.175 537.4 276.398
  5 0.225 536.2 266.309
  6 0.275 543.1 274.625
  7 0.325 623 270.588
  8 0.375 551.4 277.021
  9 0.425 532.8 267.456
  10 0.475 557.5 273.39
  11 0.525 529 276.504
  12 0.575 578.1 269.749
  13 0.625 534.9 253.5
  14 0.675 532.9 289.617
  15 0.725 540 293.898
  16 0.775 520.8 256.312
  17 0.825 533.8 269.408
  18 0.875 425.4 286.255
  19 0.925 364.1 298.679
  20 0.975 297 279.562
4050 20 9999.999999999998
  1 0.025 373.1 281.677
  2 0.075 418.6 266.707
  3 0.125 466.4 267.358
  4 0.175 542.7 273.446
  5 0.225 538.4 267.28
  6 0.275 539.7 271.467
  7 0.325 623.8 270.82
  8 0.375 548 276.006
  9 0.425 537.4 265.728
  10 0.475 560.4 267.418
  11 0.525 533.8 277.43
  12 0.575 568.4 268.651
  13 0.625 529.9 247.792
  14 0.675 533.5 293.227
  15 0.725 547.9 286.2
  16 0.775 527.2 255.057
  17 0.825 525 267.087
  18 0.875 420.8 289.664
  19 0.925 363.9 290.822
  20 0.975 301.1 287.239
4100 20 10000
  1 0.025 377.3 280.691
  2 0.075 419 266.38
  3 0.125 466 270.429
  4 0.175 543.5 269.866
  5 0.225 539.5 274.636
  6 0.275 538.7 273.657
  7 0.325 614.8 276.13
  8 0.375 548.3 273.356
  9 0.425 545.2 259.84
  10 0.475 560.7 266.99
  11 0.525 540.4 273.377
  12 0.575 551.4 273.141
  13 0.625 538.2 252.885
  14 0.675 543.2 288.879
  15 0.725 538.8 285.396
  16 0.775 533.7 261.365
  17 0.825 521.5 266.232
  18 0.875 418.1 294.509
  19 0.925 362.7 281.752
  20 0.975 299 280.449
4150 20 10000
  1 0.025 383.4 284.322
  2 0.075 415.6 266.082
  3 0.125 461.1 271.168
  4 0.175 545.6 273.104
  5 0.225 541.4 275.364
  6 0.275 539.5 276.353
  7 0.325 613.2 275.073
  8 0.375 550.1 281.428
  9 0.425 543.7 258.321
  10 0.475 565.8 269.332
  11 0.525 544.6 282.603
  12 0.575 544.7 275.629
  13 0.625 545 267.528
  14 0.675 541.4 286.005
  15 0.725 534.1 283.5
  16 0.775 531.3 261.267
  17 0.825 524.7 270.761
  18 0.875 417.5 292.001
  19 0.925 355.5 283.521
  20 0.975 301.8 279.922
4200 20 9999.999999999996
  1 0.025 384.7 285.716
  2 0.075 421.7 261.863
  3 0.125 452.2 265.684
  4 0.175 549.1 265.846
  5 0.225 544.2 270.305
  6 0.275 543 277.655
  7 0.325 613.1 278.565
  8 0.375 545.9 278.079
  9 0.425 544.4 260.115
  10 0.475 558.2 269.674
  11 0.525 552.9 282.179
  12 0.575 542.7 273.815
  13 0.625 545.1 266.275
  14 0.675 542.4 275.684
  15 0.725 535.7 279.68
  16 0.775 522.6 259.418
  17 0.825 534.3 273.966
  18 0.875 414 289.176
  19 0.925 350.5 292.351
  20 0.975 303.3 279.692
